PyTorch LSTM Results:
RMSE=130.982085
MAE=69.894409
R2=-0.121047
DA=1.0000

CV Mean R2=-0.057578
