
LSTM Results:
RMSE=0.053056
MAE=0.036855
R2=0.000554
DA=0.5217

Baseline Results:
RMSE=0.053104
MAE=0.036868
R2=-0.001225
DirAcc=0.4990
