
Decision Tree Results:
RMSE=0.053249
MAE=0.036938
R2=0.000284
DA=0.5072

Baseline Results:
RMSE=0.053292
MAE=0.036969
R2=-0.001314
DirAcc=0.4984
