
real Results:
RMSE=0.055256
MAE=0.037025
R2=-0.076517
DA=0.5175
real Results:
RMSE=0.055256
MAE=0.037025
R2=-0.076517
DA=0.5175